function ga_choseloc

% mainly amended by Chen Zhen, 2012~2016

CityNum=6; %you chan choose 10, 30, 50, 75
city=[69	34	15
3	36	4
-58.4	-34.6	3
149	-35	2
90	23	8
-48	-15.5	9
-75	45	2
121	31.23	1
-74	4	4
15	-4	10
31	30	5
38	9	2
2	49	10
13	52.5	14
77.12	28.36	3
106	-6	18
51	35	15
44	33	5
12	42	4
140	35	13
36	-1	12
126	37	20
101	3	6
-98	19	4
-6	34	5
85	27	2
7	9	11
-76	-12	4
121	15	2
21	52	14
37.35	55.45	7
28	-25	2
-3	40	4
32	15	6
100	13	4
-0.1	51.5	2
-74	40	2
32	0	2
30	50	7
69	41	7
-66	10	4
105	21	2
];
a=[105893.7169	178681.0291	79229.86942	91877.0343	90809.36581	51890.66133	39884.21045	34516.95936	22463.00142	35434.81764	36084.56789	22599.19497	6392.810023	28618.59642	42013.72755	21209.76914	10962.4985	13959.43049	7207.132887	10125.27117	803298.3341
273071.7505	855765.3873	334651.7671	13425128.61	8233831.066	586966.5135	370675.0276	187430.3388	92040.24073	481257.5667	128903.8972	158013.0708	33915.79034	243978.0597	190985.8447	184377.0159	45366.33437	92577.20771	18934.9175	65642.05326	3258620.241
2783667.535	8597242.172	25575782.29	15268042.59	8771477.439	5336662.771	3554841.264	2051454.343	2859110.16	4117089.357	1248327.293	1556962.254	424022.9007	2644203.612	1256877.267	1824226.268	380786.4349	642208.0447	196549.0854	713466.8124	38365659.57
20239998.24	67065194.25	17185710.64	42198848.82	39689015.62	26674226.53	14383327.93	8326162.628	4243162.484	16723944.75	6396460.639	8290563.067	2234391.779	13194270.21	7305785.207	8863363.157	2309122.647	4114495.586	1265387.226	3580645.524	144925536.5
4057514.773	3320032.526	1470309.327	2398878.347	1994386.757	2294591.851	1049322.592	27439067.2	611385.1949	891334.4357	441204.7863	473735.4142	266861.0859	585482.4114	389792.969	456724.2291	197753.3877	1901144.361	272885.3831	250771.5563	24882951.53
2561763.43	5358696.134	2935456.014	7801147.721	5756439.738	3789406.588	2488252.463	957625.1861	222216665.7	2982353.749	828301.7305	1089559.717	2139575.227	2185701.581	870405.7722	1316009.689	241728.6029	416613.0249	164376.7189	579284.0639	24177506.59
20378243.17	50096833.57	15234130.74	32648022.65	31159061.3	19803881.12	12747666.27	7136801.679	3647916.607	16521264.4	5410522.156	6885170.275	1628583.464	11170001.9	8020170.389	7405943.073	2224937.13	2538180.286	1435122.085	3539170.248	141485341.9
1125328230	31174102.14	1195046.776	4393934.431	2480366.948	1716568.147	38920079.05	749469.0633	3330235.571	1183513.085	446323.6828	530726.2222	348091.1072	658348.7101	438014.3124	544666.1018	148836.4602	685903.2765	76354305.89	15002416.2	159579893.4
242312.7516	540274.8681	362529.1616	812103.932	475630.5959	305663.0947	223972.5533	96894.6427	124846.1779	246229.1113	78010.36468	92152.05726	35201.44585	175475.8353	88043.88714	105829.4012	24205.99427	35728.90662	15428.34962	55153.1421	8481231.305
1260579.872	3279665.619	1600128.343	4292787.32	3990327.103	2595501.916	1639376.767	821702.4338	510381.6044	16597132.04	615311.1438	726489.7551	176265.9311	755372.9934	497755.5632	2705440.784	156116.7536	249581.9406	53395.15108	217298.7069	463323037
545009.1116	1863346.515	675960.8549	2103315.897	28878657.6	1860359.334	879219.6373	372182.2134	214814.6895	918357.5225	357902.6629	386461.1407	110822.962	706886.9826	324350.6381	476306.2893	97194.29125	216780.4602	40809.61188	172823.2339	131542307.9
1518837.968	2784691.584	1447041.624	3535905.842	3282343.705	3343469.059	1293522.648	712819.3464	441084.5282	1273530.063	605712.4578	601611.875	152712.4817	622520.2012	437812.3276	625179.9034	162771.1084	236598.2117	84285.2158	192384.04	249197025.3
12183001.05	33206267.51	12010492.61	56752896.14	40868346.55	19500762.48	12982350.37	5818170.447	5316599.175	36283010.39	5137234.783	6099518.114	1623302.968	12415495.63	5958111.401	7330316.651	1713634.498	2705698.628	931135.6991	2771205.593	131308276
53172588.37	214519793.1	75174462.03	180657081.3	183635006.5	122647479.6	84237236.99	41217822.94	18500950.01	86689708.01	29014857.27	39392519.74	7383911.315	100186574.8	41195090.5	55097318.82	14957109.03	26465733.74	6299406.838	24480121.79	1770852654
15627897.21	604968657.4	604565057.3	19703691.73	21935830.14	14877175.76	10812755.13	199085059	4214423.264	4987073.137	1988603.849	53269747.73	894044.9385	5784127.005	4152149.57	2514254.834	74412437.56	2367504.664	544941.5168	1067976.167	80288275.37
9228902.138	11152380.29	938627.1185	10223231.51	1853163.394	1917166.834	951402.8718	545810.1019	693045.3424	819843.6115	834674.1604	443198.2279	425714.6369	563017.3247	462514.0224	449433.358	103091.0869	60083227.82	334791.2968	526970.4023	150838611.3
3473245.331	11310305.86	4361063.917	12290825.73	33081789.09	8132595.642	5053885.219	2304761.063	1233170.636	5254218.787	1803588.573	2383409.697	444285.9041	2772088.602	96407593.04	2726281.146	620923.9058	1030170.491	253098.1253	807742.4582	40674354.3
215890.8452	550955.541	232490.0631	540691.4334	18486444.51	413493.1597	243556.0485	131777.9546	71647.32357	240594.4632	103056.1654	113014.0948	26592.59086	141421.7017	1002638.685	132792.6089	33577.00267	58167.92994	16826.11253	45536.81042	6292866.285
6141878.425	15872503.35	5894176.013	14309985.05	12717948.67	7909587.259	5737218.269	2938927.103	2762718.319	6475098.591	3185894.317	2518277.355	609727.6311	5145142.627	2492350.483	3005675.049	820262.2622	1209823.934	473893.7633	1192565.721	74232354.86
20765818.83	5115643.963	1649374.589	4935908.714	3082604.524	2048852.737	2055866.443	836628.2731	8666382.426	1497922.341	683217.7753	652069.933	44718176.47	898537.6228	721135.6274	620799.018	158066.5125	424801.2242	1007591.395	5599904.888	13176253.97
1689400.553	81927889.92	1818331.088	5813715.893	5389481.915	5550791.081	2220114.386	913551.8046	575579.3242	2038038.6	802893.9276	57270797.17	467249.7895	965967.5411	644010.0111	49410161.85	194470.5672	309558.8656	86837.98035	402728.476	33802883.05
6307106.878	1692934.578	411959.4412	1101462.587	896542.7436	548176.0321	609406.3311	231312.6761	177498.1971	410582.5721	611223.5876	246396.1635	226309.7761	269300.564	351037.3043	248720.4305	50367.22036	176214.5718	412880.4704	6101947.737	7155313.446
2217012.576	5803458.617	2353736.867	3207081.917	2174692.932	4661430.085	1029851.73	2270941.121	927962.4703	998849.6435	1235926.625	673360.0888	256572.0457	719953.5562	624562.8614	585956.0371	297839.3739	6078479.673	122870.62	263672.4372	29966438.89
2359609.014	5450618.569	1851141.857	4880392.33	4163515.359	2711289.763	2025500.436	788756.1001	678039.2053	1919127.851	703061.5485	822058.8992	339775.2825	1384636.849	885913.6674	906105.7855	235785.8533	291677.1632	154551.5255	652882.988	19004732.52
4604125.998	4697065.528	2775364.866	2200191.237	1347340.606	778720.1626	662738.7774	1052874.935	929298.4795	757091.3314	1338198.637	587303.4777	256230.4443	329582.646	518539.8184	400522.9461	355744.5038	357445.1719	308225.4745	214356.7586	15454508.73
628967.2036	6011864.605	5822366.368	379503.8491	403433.5992	262560.4245	210827.1802	1845100.305	67023.66436	130270.1901	65063.53585	587743.1522	19876.32151	108428.1822	77052.9241	65795.45556	816324.1781	39040.31552	40959.12844	31058.59571	10249937.66
2729115.584	6346979.126	2749611.725	7284013.161	6913537.105	4675595.231	2850822.239	1396528.31	886585.551	2989509.125	390918057.2	1387241.985	318100.3163	1453803.073	1006204.716	1521904.443	349657.8967	539428.5438	172982.8211	452512.3848	299681480.7
305712.9752	549720.0499	398561.9053	9528254.616	510122.497	328815.885	236318.1351	151211.1183	221286.4622	270838.3777	85424.47285	98377.18209	75204.82753	191352.7043	87399.79569	113452.6771	24333.46911	38233.00697	19070.50287	60453.32915	6092174.95
1718128.979	1355668.641	468200.2864	1055637.309	886851.7997	583181.7096	452688.7177	218022.4134	160864.8149	422540.7934	160238.146	194393.6981	168817.7916	307555.3305	190289.9067	206270.8672	61516.59065	100474.2127	111911.5346	157525.2926	32083999.9
