a=[200000	200000	200000	200000	200000	100000	100000	100000	50000	50000	40000	20000	15000	10000	33106000	5000	5000	3000	2000	2000	48032
200000	200000	200000	25000000	14000798	100000	100000	100000	50000	395816	40000	20000	15000	10000	10000	5000	5000	3000	2000	2000	147438
300000	300000	30000000	300000	300000	200000	200000	150000	50000	100000	50000	50000	3000	30000	30000	15000	10000	5000	2000	2000	11750430
200000	21509289	200000	200000	200000	100000	100000	100000	50000	50000	40000	20000	15000	10000	10000	5000	5000	3000	2000	2000	1305870
200000	200000	200000	200000	200000	100000	100000	115951560	50000	50000	40000	20000	15000	10000	10000	5000	5000	3000	2000	2000	45588000
300000	250000	250000	200000	200000	100000	100000	100000	199000000	50000	40000	20000	15000	10000	10000	5000	5000	3000	2000	2000	6990865
200000	25254905	200000	200000	200000	100000	100000	100000	50000	6886690	40000	20000	15000	10000	10000	5000	5000	3000	2000	2000	2882830
1063132000	30000000	200000	1500000	200000	100000	40000000	200000	180000	100000	50000	40000	30000	30000	20000	8000	8000	5000	79000000	12000000	151862000
200000	200000	1000000	200000	200000	100000	100000	100000	50000	50000	40000	20000	15000	10000	10000	5000	5000	3000	2000	2000	46341419
200000	200000	200000	200000	200000	100000	100000	100000	50000	4525800	40000	20000	15000	10000	10000	600000	5000	3000	2000	2000	72153353
200000	200000	200000	200000	30000000	100000	100000	100000	50000	50000	40000	20000	15000	10000	10000	5000	5000	3000	2000	2000	64376681
200000	1867	200000	200000	200000	100000	100000	100000	50000	50000	40000	20000	15000	10000	10000	5000	5000	3000	2000	2000	101089329
200000	200000	200000	200000	200000	100000	100000	100000	400000	64896100	40000	20000	15000	10000	10000	5000	5000	3000	2000	2000	188009
200000	200000	200000	200000	200000	100000	100000	100000	50000	50000	40000	20000	15000	79667700	10000	5000	5000	3000	2000	2000	1497985
10000000	480000000	497048642	8000000	12000000	7000000	7000000	140369769	700000	500000	500000	60102477	400000	4000000	3000000	200000	91002856	200000	200000	200000	1747610
5000000	10000000	200000	10000000	200000	1000000	100000	100000	50000	50000	40000	20000	15000	10000	10000	5000	5000	68221557	2000	2000	166084899
200000	200000	200000	200000	500000	100000	100000	100000	50000	50000	40000	20000	15000	10000	75277400	5000	5000	3000	2000	2000	3198028
200000	200000	200000	200000	30000000	100000	100000	100000	50000	50000	40000	20000	15000	10000	30000	5000	5000	3000	2000	2000	5870572
200000	200000	200000	200000	200000	100000	100000	100000	50000	50000	40000	20000	15000	400000	10000	5000	5000	3000	2000	2000	58698590
200000	200000	200000	200000	200000	100000	100000	100000	50000	50000	40000	20000	117000000	10000	10000	5000	5000	3000	2000	50000	8449511
200000	200000	200000	200000	200000	100000	100000	100000	50000	50000	40000	20461600	15000	10000	10000	18460000	5000	3000	2000	2000	8052967
200000	200000	200000	200000	200000	100000	100000	100000	50000	50000	40000	20000	15000	10000	10000	5000	5000	3000	2000	45245700	4490007
500000	500000	1000000	200000	200000	15187265	100000	100000	50000	50000	40000	20000	15000	10000	10000	5000	5000	6187265	2000	2000	7003735
200000	800000	1000000	600000	200000	100000	100000	100000	50000	50000	40000	20000	15000	10000	10000	5000	5000	3000	2000	2000	124228423
200000	200000	200000	10000000	4106328	100000	100000	100000	50000	3068197	40000	20000	15000	10000	10000	5000	5000	3000	2000	2000	17040261
200000	200000	77569	200000	200000	100000	100000	100000	50000	50000	40000	20000	15000	10000	10000	5000	5000	3000	2000	2000	27593202
200000	200000	200000	200000	200000	100000	100000	100000	50000	50000	106000000	20000	15000	10000	10000	5000	5000	3000	2000	2000	78517640
200000	200000	200000	21713165	200000	100000	100000	100000	50000	50000	40000	20000	15000	10000	10000	5000	5000	3000	2000	2000	8748674
600032	740166	200000	600000	200000	100000	100000	100000	50000	50000	40000	20000	15000	10000	10000	5000	5000	3000	2000	2000	100468024
200000	200000	200000	200000	200000	100000	100000	100000	50000	50000	40000	20000	15000	63622	10000	5000	5000	3000	2000	2000	36382394
200000	200000	200000	200000	200000	100000	124300000	100000	50000	50000	40000	20000	15000	10000	10000	5000	5000	3000	2000	2000	18630396
200000	5292623	1000000	200000	200000	100000	100000	100000	50000	50000	40000	20000	15000	10000	10000	5000	5000	3000	2000	2000	48504242
200000	200000	200000	40440000	200000	100000	100000	100000	500000	50000	40000	20000	15000	10000	10000	5000	5000	3000	2000	2000	4241959
200000	200000	200000	5000000	5000000	21580000	100000	100000	50000	50000	600000	20000	15000	10000	10000	5000	5000	3000	2000	2000	6426828
76775	200000	22938	28101052	200000	100000	100000	100000	50000	50000	40000	20000	70667	10000	10000	5000	5000	3000	2000	441114	39255968
200000	58249154	200000	200000	200000	100000	100000	100000	50000	50000	40000	20000	15000	10000	10000	5000	5000	3000	2000	2000	6076085
3000000	316423557	200000	200000	200000	100000	706242	100000	50000	50000	40000	20000	15000	10000	10000	5000	5000	3000	2000	2000	1985714
150000	200000	1000000	200000	200000	100000	100000	100000	50000	50000	40000	20000	15000	10000	10000	5000	5000	3000	2000	2000	39225965
150000	200000	200000	200000	200000	100000	14273670	100000	50000	50000	40000	20000	15000	10000	10000	5000	5000	3000	2000	2000	29368975
100000	200000	200000	200000	200000	100000	4000000	100000	50000	50000	40000	20000	15000	10000	10000	5000	5000	3000	2000	2000	26536200
100000	200000	200000	10000000	200000	100000	100000	100000	50000	50000	40000	20000	15000	10000	10000	5000	5000	3000	2000	2000	20356179
200000	200000	200000	200000	200000	100000	100000	100000	50000	50000	40000	20000	15000	10000	10000	5000	5000	3000	2000	2000	91189100
791193	28078439	5200851	359945783	319292874	232332735	73020088	528671	26370000	146827397	41320000	66585923	10941333	44448678	9176600	87532000	784144	9270178	720000	18989186	41087615
];
