a=[200000	200000	200000	200000	200000	100000	100000	100000	80000	50000	40000	20000	15000	10000	33106000	5000	5000	3000	2000	2000	18032
200000	200000	200000	25000000	14000798	100000	100000	100000	80000	395816	40000	20000	15000	10000	10000	5000	5000	3000	2000	2000	117438
300000	300000	30000000	300000	300000	200000	200000	150000	10000	100000	50000	50000	3000	30000	30000	15000	10000	5000	2000	2000	11790430
200000	21509289	200000	200000	200000	100000	100000	100000	80000	50000	40000	20000	15000	10000	10000	5000	5000	3000	2000	2000	1275870
200000	200000	200000	200000	200000	100000	100000	115951560	80000	50000	40000	20000	15000	10000	10000	5000	5000	3000	2000	2000	45558000
300000	250000	250000	200000	200000	100000	100000	100000	199000000	50000	40000	20000	15000	10000	10000	5000	5000	3000	2000	2000	6990865
200000	25254905	200000	200000	200000	100000	100000	100000	80000	6886690	40000	20000	15000	10000	10000	5000	5000	3000	2000	2000	2852830
1063132000	30000000	200000	1500000	200000	100000	40000000	200000	180000	100000	50000	40000	30000	30000	20000	8000	8000	5000	79000000	12000000	151862000
200000	200000	1000000	200000	200000	100000	100000	100000	80000	50000	40000	20000	15000	10000	10000	5000	5000	3000	2000	2000	46311419
200000	200000	200000	200000	200000	100000	100000	100000	80000	4525800	40000	20000	15000	10000	10000	600000	5000	3000	2000	2000	72123353
200000	200000	200000	200000	30000000	100000	100000	100000	80000	50000	40000	20000	15000	10000	10000	5000	5000	3000	2000	2000	64346681
200000	1867	200000	200000	200000	100000	100000	100000	80000	50000	40000	20000	15000	10000	10000	5000	5000	3000	2000	2000	101059329
200000	200000	200000	200000	200000	100000	100000	100000	400000	64896100	40000	20000	15000	10000	10000	5000	5000	3000	2000	2000	188009
200000	200000	200000	200000	200000	100000	100000	100000	80000	50000	40000	20000	15000	79667700	10000	5000	5000	3000	2000	2000	1467985
10000000	480000000	497048642	8000000	12000000	7000000	7000000	140369769	700000	500000	500000	60102477	400000	4000000	3000000	200000	91002856	200000	200000	200000	1747610
5000000	10000000	200000	10000000	200000	1000000	100000	100000	80000	50000	40000	20000	15000	10000	10000	5000	5000	68221557	2000	2000	166054899
200000	200000	200000	200000	500000	100000	100000	100000	80000	50000	40000	20000	15000	10000	75277400	5000	5000	3000	2000	2000	3168028
200000	200000	200000	200000	30000000	100000	100000	100000	80000	50000	40000	20000	15000	10000	30000	5000	5000	3000	2000	2000	5840572
200000	200000	200000	200000	200000	100000	100000	100000	80000	50000	40000	20000	15000	400000	10000	5000	5000	3000	2000	2000	58668590
200000	200000	200000	200000	200000	100000	100000	100000	80000	50000	40000	20000	117000000	10000	10000	5000	5000	3000	2000	50000	8419511
200000	200000	200000	200000	200000	100000	100000	100000	80000	50000	40000	20461600	15000	10000	10000	18460000	5000	3000	2000	2000	8022967
200000	200000	200000	200000	200000	100000	100000	100000	80000	50000	40000	20000	15000	10000	10000	5000	5000	3000	2000	45245700	4460007
500000	500000	1000000	200000	200000	15187265	100000	100000	80000	50000	40000	20000	15000	10000	10000	5000	5000	6187265	2000	2000	6973735
200000	800000	1000000	600000	200000	100000	100000	100000	80000	50000	40000	20000	15000	10000	10000	5000	5000	3000	2000	2000	124198423
200000	200000	200000	10000000	4106328	100000	100000	100000	80000	3068197	40000	20000	15000	10000	10000	5000	5000	3000	2000	2000	17010261
200000	200000	77569	200000	200000	100000	100000	100000	80000	50000	40000	20000	15000	10000	10000	5000	5000	3000	2000	2000	27563202
200000	200000	200000	200000	200000	100000	100000	100000	80000	50000	106000000	20000	15000	10000	10000	5000	5000	3000	2000	2000	78487640
200000	200000	200000	21713165	200000	100000	100000	100000	80000	50000	40000	20000	15000	10000	10000	5000	5000	3000	2000	2000	8718674
600032	740166	200000	600000	200000	100000	100000	100000	80000	50000	40000	20000	15000	10000	10000	5000	5000	3000	2000	2000	100438024
200000	200000	200000	200000	200000	100000	100000	100000	80000	50000	40000	20000	15000	63622	10000	5000	5000	3000	2000	2000	36352394
200000	200000	200000	200000	200000	100000	124300000	100000	80000	50000	40000	20000	15000	10000	10000	5000	5000	3000	2000	2000	18600396
200000	5292623	1000000	200000	200000	100000	100000	100000	80000	50000	40000	20000	15000	10000	10000	5000	5000	3000	2000	2000	48474242
50000	100000	200000	200000	10000000	100000	100000	100000	80000	50000	40000	20000	15000	10000	10000	5000	5000	3000	2000	2000	3225996
200000	200000	200000	40440000	200000	100000	100000	100000	80000	50000	40000	20000	15000	10000	10000	5000	5000	3000	2000	2000	4661959
200000	200000	200000	5000000	5000000	21580000	100000	100000	80000	50000	600000	20000	15000	10000	10000	5000	5000	3000	2000	2000	6396828
76775	200000	22938	28101052	200000	100000	100000	100000	80000	50000	40000	20000	70667	10000	10000	5000	5000	3000	2000	441114	39225968
200000	58249154	200000	200000	200000	100000	100000	100000	80000	50000	40000	20000	15000	10000	10000	5000	5000	3000	2000	2000	6046085
3000000	316423557	200000	200000	200000	100000	706242	100000	80000	50000	40000	20000	15000	10000	10000	5000	5000	3000	2000	2000	1955714
150000	200000	1000000	200000	200000	100000	100000	100000	80000	50000	40000	20000	15000	10000	10000	5000	5000	3000	2000	2000	39195965
150000	200000	200000	200000	200000	100000	14273670	100000	80000	50000	40000	20000	15000	10000	10000	5000	5000	3000	2000	2000	29338975
100000	200000	200000	200000	200000	100000	4000000	100000	80000	50000	40000	20000	15000	10000	10000	5000	5000	3000	2000	2000	26506200
100000	200000	200000	10000000	200000	100000	100000	100000	80000	50000	40000	20000	15000	10000	10000	5000	5000	3000	2000	2000	20326179
200000	200000	200000	200000	200000	100000	100000	100000	80000	50000	40000	20000	15000	10000	10000	5000	5000	3000	2000	2000	91159100
741193	27978439	5000851	359745783	309292874	232232735	72920088	428671	25670000	146777397	41280000	66565923	10926333	44438678	9166600	87527000	779144	9267178	718000	18987186	52799615
];
