function [pk]=calthepk(data50,c,beta1,beta2,beta3,beta4)
Y=[
74.32907186	6.81247E-05	0.395314141	1.62536E-10
491.557732	0.00194181	0.214435519	1.62536E-10
1140.873473	0.003358355	0.025803115	1.62536E-10
6448.035152	0.01270249	0	1.62536E-10
111.5850945	0.001938885	0.333729141	1.62536E-10
1235.651497	0.011163333	0.080481189	1.62536E-10
5074.378215	0.021269216	0	1.62536E-10
837.7358896	0.119863099	0.123715739	1.62536E-10
818.4377141	0.002536163	0.050575486	1.62536E-10
20.22014196	0.000374174	0.162249123	1.62536E-10
285.7888685	0.001621524	0.247707514	1.62536E-10
54.14280786	0.000324807	0.359657607	1.62536E-10
4210.120069	0.0328697	0	1.62536E-10
4750.066125	0.070594389	0	1.62536E-10
208.4420661	0.023019067	0.279452084	1.62536E-10
435.3653632	0.008775614	0.069158261	1.62536E-10
658.9138395	0.003564253	0.169719586	1.62536E-10
631.9551778	0.003007922	0.234901505	1.62536E-10
3298.8516	0.023506652	0.016843547	1.62536E-10
4733.554765	0.034267777	0	1.62536E-10
118.5338023	0.000492084	0.12300628	1.62536E-10
2724.098055	0.031550648	0	1.62536E-10
1161.323156	0.009522411	0.104649009	1.62536E-10
976.4011276	0.018562619	0.0545197	1.62536E-10
372.3270033	0.00158115	0.31102961	1.62536E-10
76.27899296	0.000103821	0.352460574	1.62536E-10
277.8274346	0.002803339	0.257856169	1.62536E-10
687.921524	0.002122745	0.067217552	1.62536E-10
289.6393951	0.00352376	0.046219153	1.62536E-10
1642.58763	0.011606376	0.006998587	1.62536E-10
1254.022508	0.020031875	0.007396661	1.62536E-10
792.8633861	0.004350731	0.066795718	1.62536E-10
2978.566325	0.017931316	0.021501212	1.62536E-10
164.1845836	0.000185959	0.251012787	1.62536E-10
630.4547881	0.013334078	0.052597943	1.62536E-10
68.50367417	0.000243237	0.160614316	1.62536E-10
292.6591613	0.00251692	0.002464624	1.62536E-10
4120.229072	0.032282849	0	1.62536E-10
5217.880034	0.105064419	0	1.62536E-10
221.651837	0.000800843	0.002210196	1.62536E-10
456.5243875	0.002618615	0.013598938	1.62536E-10
565.0091358	0.010577833	0.234937037	1.62536E-10
77.37364709	6.53023E-05	1.62536E-10	1.57913E-10
497.4086415	0.001818797	1.62536E-10	1.57913E-10
1161.151662	0.003288934	1.62536E-10	1.57913E-10
6518.754947	0.012708272	1.62536E-10	1.57913E-10
117.1053507	0.002072059	1.62536E-10	1.57913E-10
1256.935457	0.011083146	1.62536E-10	1.57913E-10
5104.431683	0.020703378	1.62536E-10	1.57913E-10
908.1712241	0.124539847	1.62536E-10	1.57913E-10
844.9497402	0.002542381	1.62536E-10	1.57913E-10
20.47036715	0.000367933	1.62536E-10	1.57913E-10
291.8601677	0.001546174	1.62536E-10	1.57913E-10
58.30766302	0.000340107	1.62536E-10	1.57913E-10
4221.669849	0.032093919	1.62536E-10	1.57913E-10
4816.758467	0.069499896	1.62536E-10	1.57913E-10
220.9045112	0.023750565	1.62536E-10	1.57913E-10
453.9640309	0.008818212	1.62536E-10	1.57913E-10
663.8638816	0.003380252	1.62536E-10	1.57913E-10
666.7031897	0.002991162	1.62536E-10	1.57913E-10
3265.109144	0.02276648	1.62536E-10	1.57913E-10
4760.402216	0.033274371	1.62536E-10	1.57913E-10
121.4560063	0.000496888	1.62536E-10	1.57913E-10
2801.973162	0.031851455	1.62536E-10	1.57913E-10
1195.519771	0.00929823	1.62536E-10	1.57913E-10
982.3190945	0.01876914	1.62536E-10	1.57913E-10
385.5273445	0.0015943	1.62536E-10	1.57913E-10
78.65811918	0.000105588	1.62536E-10	1.57913E-10
285.3206894	0.002680448	1.62536E-10	1.57913E-10
717.316631	0.002134808	1.62536E-10	1.57913E-10
300.5071984	0.003619168	1.62536E-10	1.57913E-10
1702.006081	0.011778613	1.62536E-10	1.57913E-10
1280.880797	0.019581036	1.62536E-10	1.57913E-10
800.9066469	0.004245407	1.62536E-10	1.57913E-10
2966.392641	0.017638943	1.62536E-10	1.57913E-10
167.3168815	0.000173501	1.62536E-10	1.57913E-10
648.4595671	0.013576933	1.62536E-10	1.57913E-10
70.3457473	0.000251639	1.62536E-10	1.57913E-10
291.5061934	0.002417237	1.62536E-10	1.57913E-10
4134.560395	0.031473228	1.62536E-10	1.57913E-10
5247.024947	0.10573118	1.62536E-10	1.57913E-10
235.2791154	0.000823336	1.62536E-10	1.57913E-10
458.2078565	0.002483435	1.62536E-10	1.57913E-10
590.2890069	0.011720584	1.62536E-10	1.57913E-10
80.54293045	6.25623E-05	1.57913E-10	1.53748E-10
503.3291931	0.001702638	1.57913E-10	1.53748E-10
1181.790281	0.00321917	1.57913E-10	1.53748E-10
6590.250371	0.01270704	1.57913E-10	1.53748E-10
122.8987011	0.002213158	1.57913E-10	1.53748E-10
1278.58603	0.010997464	1.57913E-10	1.53748E-10
5134.663145	0.020141473	1.57913E-10	1.53748E-10
984.5286354	0.129327662	1.57913E-10	1.53748E-10
872.3205825	0.002547207	1.57913E-10	1.53748E-10
20.72368889	0.000361597	1.57913E-10	1.53748E-10
298.0604456	0.001473511	1.57913E-10	1.53748E-10
62.79289348	0.00035593	1.57913E-10	1.53748E-10
4233.251315	0.031319156	1.57913E-10	1.53748E-10
4884.387188	0.068384615	1.57913E-10	1.53748E-10
234.1120677	0.024491787	1.57913E-10	1.53748E-10
473.3572276	0.008856126	1.57913E-10	1.53748E-10
668.8511106	0.00320398	1.57913E-10	1.53748E-10
703.3618186	0.002972855	1.57913E-10	1.53748E-10
3231.711824	0.022037447	1.57913E-10	1.53748E-10
4787.401938	0.032291934	1.57913E-10	1.53748E-10
124.4502511	0.000501463	1.57913E-10	1.53748E-10
2882.074523	0.032137386	1.57913E-10	1.53748E-10
1230.723349	0.009074316	1.57913E-10	1.53748E-10
988.2729303	0.018967486	1.57913E-10	1.53748E-10
399.1956856	0.001606673	1.57913E-10	1.53748E-10
81.11144985	0.000107325	1.57913E-10	1.53748E-10
293.0160441	0.002561531	1.57913E-10	1.53748E-10
747.9678003	0.002145754	1.57913E-10	1.53748E-10
311.7827817	0.003715108	1.57913E-10	1.53748E-10
1763.573917	0.011946809	1.57913E-10	1.53748E-10
1308.314328	0.019129781	1.57913E-10	1.53748E-10
809.0315032	0.004140347	1.57913E-10	1.53748E-10
2954.268712	0.017341762	1.57913E-10	1.53748E-10
170.508937	0.000161788	1.57913E-10	1.53748E-10
666.9785338	0.013816582	1.57913E-10	1.53748E-10
72.23735404	0.000260189	1.57913E-10	1.53748E-10
290.3577678	0.00232022	1.57913E-10	1.53748E-10
4148.941565	0.030666979	1.57913E-10	1.53748E-10
5276.332651	0.106343457	1.57913E-10	1.53748E-10
249.7442064	0.000845992	1.57913E-10	1.53748E-10
459.8975334	0.002353933	1.57913E-10	1.53748E-10
616.6999604	0.012979623	1.57913E-10	1.53748E-10
83.84203005	5.99033E-05	1.53748E-10	1.49963E-10
509.3202158	0.001592992	1.53748E-10	1.49963E-10
1202.795737	0.003149099	1.53748E-10	1.49963E-10
6662.529932	0.0126986	1.53748E-10	1.49963E-10
128.9786558	0.002362525	1.53748E-10	1.49963E-10
1300.609531	0.010906252	1.53748E-10	1.49963E-10
5165.073656	0.019583702	1.53748E-10	1.49963E-10
1067.306041	0.134223347	1.53748E-10	1.49963E-10
900.578061	0.002550595	1.53748E-10	1.49963E-10
20.98014549	0.000355168	1.53748E-10	1.49963E-10
304.3924422	0.001403467	1.53748E-10	1.49963E-10
67.62314363	0.000372279	1.53748E-10	1.49963E-10
4244.864552	0.030545757	1.53748E-10	1.49963E-10
4952.965438	0.067249057	1.53748E-10	1.49963E-10
248.1092845	0.025241812	1.53748E-10	1.49963E-10
493.5788954	0.008889157	1.53748E-10	1.49963E-10
673.8758058	0.003035177	1.53748E-10	1.49963E-10
742.0361197	0.002952982	1.53748E-10	1.49963E-10
3198.656111	0.021319657	1.53748E-10	1.49963E-10
4814.554795	0.031320724	1.53748E-10	1.49963E-10
127.5183128	0.000505792	1.53748E-10	1.49963E-10
2964.465779	0.032407487	1.53748E-10	1.49963E-10
1266.963541	0.00885077	1.53748E-10	1.49963E-10
994.2628522	0.019157053	1.53748E-10	1.49963E-10
413.3486189	0.001618223	1.53748E-10	1.49963E-10
83.64129941	0.00010903	1.53748E-10	1.49963E-10
300.9189493	0.0024465	1.53748E-10	1.49963E-10
779.9287039	0.002155533	1.53748E-10	1.49963E-10
323.4814456	0.003811428	1.53748E-10	1.49963E-10
1827.368889	0.012110532	1.53748E-10	1.49963E-10
1336.335422	0.018678323	1.53748E-10	1.49963E-10
817.2387827	0.004035596	1.53748E-10	1.49963E-10
2942.194335	0.017039916	1.53748E-10	1.49963E-10
173.7618902	0.00015078	1.53748E-10	1.49963E-10
686.0263725	0.014052485	1.53748E-10	1.49963E-10
74.17982634	0.000268876	1.53748E-10	1.49963E-10
289.2138665	0.002225834	1.53748E-10	1.49963E-10
4163.372758	0.029864431	1.53748E-10	1.49963E-10
5305.804056	0.106898596	1.53748E-10	1.49963E-10
265.0986192	0.00086878	1.53748E-10	1.49963E-10
461.5934412	0.002229919	1.53748E-10	1.49963E-10
